1	3	11	12	13	19	20	21	24	26	29	34	35	36	42	62	81	83	84	86	88	89	93	94	97	102	103	108	110	117	118	122	142	145	147	151	153	156	158	169	176	180	185	186	194	195	199	203	215	218	220	222	237	245	249	250	251	255	268	278	295	299	303	305	312	315	321	324	332	340	341	342	344	348	352	354	357	358	363	370	372	377	378	391	408	412	414	416	425	431	436	443	446	448	454	465	476	478	479	486	489	490	493	499	500	512	514	515	518	530	531	534	536	541	542	543	547	549	551	558	561	568	575	577	587	588	589	591	664	770	962	964	1102	1113	1482	
9	18	39	55	78	85	96	128	165	168	171	179	188	196	197	198	202	216	235	236	276	277	283	284	289	293	316	336	379	381	384	385	394	415	420	432	451	460	463	484	485	503	504	519	535	538	539	552	566	567	578	592	603	614	615	633	723	922	1105	1213	1323	
1755	1764	1771	1772	1773	1775	1777	1780	1787	1790	1791	1797	1798	1799	1801	1807	1809	1811	1812	1815	1817	1821	1823	1826	1830	1831	1832	1837	1841	1843	1844	1852	1853	1854	1856	1858	1861	1866	1869	1872	1880	1881	1885	1889	1890	1892	1894	1896	1898	1899	1906	1907	1908	1909	1912	1913	1916	1920	1922	1923	1928	1933	1940	1941	1942	1947	1950	1953	1959	1961	1962	1964	1965	1968	1969	1970	1971	1972	1973	1976	1978	1979	1980	1984	1985	1989	1990	1992	1998	2001	2002	2003	2010	2017	2023	2028	2029	2031	2032	2033	
2	4	5	6	7	10	15	17	22	25	28	30	31	44	46	47	48	52	65	67	68	70	75	77	82	91	99	101	106	114	115	116	119	121	123	124	125	130	133	134	136	137	138	143	146	155	167	172	174	183	191	201	207	209	223	224	228	229	231	233	234	238	244	253	256	260	264	269	271	275	282	287	291	292	294	297	298	300	302	307	314	318	320	328	330	339	355	356	360	361	365	380	382	395	400	407	409	417	419	422	428	429	434	439	444	449	450	452	453	457	458	459	467	471	473	474	480	488	491	495	497	508	510	521	527	528	533	540	545	560	564	565	574	580	581	582	583	585	590	593	595	596	597	598	599	602	607	609	610	612	613	616	617	882	907	1101	1104	1207	1248	1328	1351	
8	14	27	33	38	41	43	45	49	51	56	57	61	63	64	69	72	74	76	80	87	95	100	104	107	111	113	127	129	132	139	141	144	148	149	152	159	164	173	175	178	182	187	190	204	205	206	208	212	213	214	217	219	225	227	241	243	246	247	254	257	258	259	261	262	265	266	267	281	285	288	296	301	304	306	308	309	311	317	325	327	329	334	345	347	362	364	366	369	371	374	375	383	387	388	389	390	392	396	399	402	403	406	424	430	433	437	440	441	442	445	447	455	468	469	475	483	492	494	498	502	505	507	511	516	517	520	522	525	532	548	550	553	556	559	562	573	579	586	604	608	611	623	636	689	744	1082	1142	1321	1325	1520	1691	1695	1701	1705	1721	1735	1737	1738	1739	1747	1748	1825	1842	
16	60	71	73	92	112	131	135	157	232	274	280	319	323	326	337	346	349	350	398	411	421	423	426	501	506	523	563	570	584	1399	1672	1765	2014	
23	53	54	98	150	162	166	177	184	192	200	221	239	270	273	286	331	359	462	487	496	544	555	1324	1493	1618	
32	40	50	58	90	160	161	170	181	210	230	240	242	248	252	272	290	310	335	343	351	367	368	376	386	393	401	405	410	418	438	461	470	481	482	529	546	554	569	571	576	600	601	605	
37	59	66	163	193	397	513	606	
109	120	226	263	322	338	353	427	524	572	682	858	1227	1229	1230	1237	1369	1408	1431	1449	1455	1470	1480	1490	1530	1579	1603	1655	1674	1675	1768	1774	1816	1824	1829	1840	1845	1863	1867	1868	1883	1893	1904	1932	1937	1958	1988	2005	
509	625	630	631	635	640	642	645	646	649	650	658	660	661	662	671	673	675	686	708	711	712	713	714	716	719	722	725	731	733	742	753	754	757	764	772	775	796	797	800	801	804	808	813	815	820	826	830	836	838	852	856	864	870	876	881	900	917	918	936	940	941	942	944	947	948	949	954	977	981	982	988	989	991	993	1001	1004	1013	1016	1020	1023	1026	1027	1029	1030	1032	1033	1037	1040	1043	1053	1055	1057	1058	1064	1074	1075	1076	1078	1079	1080	1081	1084	1091	1095	1096	1097	1103	1112	1126	1129	1133	1150	1154	1156	1158	1165	1171	1172	1174	1175	1177	1184	1188	1189	1192	1198	1202	1208	1211	1214	1215	1216	1217	1221	1228	1231	1234	1235	1236	1250	1252	1255	1258	1262	1263	1271	1273	1277	1283	1284	1291	1307	1322	1329	1330	1340	1350	1706	1713	1835	2006	
79	105	154	189	279	333	373	404	413	464	466	472	537	557	699	1046	1125	1195	
126	211	620	629	637	641	648	656	659	672	676	685	690	705	728	739	740	756	766	771	773	802	805	810	811	825	841	853	860	861	874	887	888	892	895	896	901	902	906	909	910	916	921	924	925	934	951	960	965	969	971	980	986	987	1005	1012	1024	1035	1036	1045	1048	1083	1090	1111	1114	1127	1128	1130	1141	1144	1147	1173	1178	1179	1185	1186	1199	1203	1232	1249	1251	1261	1267	1276	1278	1293	1302	1303	1305	1306	1308	1309	1315	1316	1327	1335	1338	1341	1346	1348	1358	1535	1561	1676	1728	
140	456	477	526	619	621	622	627	638	651	652	653	654	657	667	680	683	693	694	697	704	706	710	715	727	729	732	737	743	747	748	749	750	758	760	761	762	765	768	769	778	779	781	782	783	784	785	788	790	792	794	795	799	807	812	814	816	817	822	824	827	833	835	839	840	845	847	849	855	857	866	868	869	872	883	884	885	886	891	897	898	899	904	913	914	915	920	927	932	938	950	952	953	955	956	958	959	972	975	976	984	995	997	1002	1006	1008	1010	1015	1017	1021	1028	1050	1054	1061	1063	1066	1067	1070	1086	1089	1093	1099	1107	1108	1109	1116	1118	1121	1136	1137	1138	1140	1145	1151	1159	1161	1162	1169	1187	1191	1193	1194	1197	1206	1223	1238	1240	1242	1245	1247	1253	1264	1265	1266	1269	1275	1285	1286	1288	1297	1298	1299	1314	1319	1320	1326	1337	1339	1344	1531	1685	1687	1690	1700	1707	1723	1784	1905	
1769	1850	1879	1886	1891	1903	1911	1914	1919	1926	1929	1938	1939	2018	2027	2030	
983	1011	1352	1360	1361	1364	1376	1385	1391	1392	1393	1395	1396	1417	1419	1424	1433	1435	1437	1440	1443	1445	1461	1463	1466	1483	1485	1502	1521	1562	1565	1567	1575	1585	1595	1614	1632	1633	1635	1649	1663	1665	1666	
313	435	594	618	628	639	655	663	666	669	670	674	679	684	687	691	692	695	696	698	701	703	707	709	717	726	730	751	752	755	763	786	789	798	803	806	821	831	834	842	843	848	851	859	865	873	875	877	893	905	908	911	923	926	928	929	930	935	937	946	961	963	970	978	985	990	992	996	998	999	1018	1019	1022	1025	1034	1039	1042	1051	1052	1056	1059	1062	1068	1069	1072	1073	1077	1087	1088	1098	1110	1117	1119	1122	1123	1131	1132	1135	1148	1153	1157	1163	1167	1168	1170	1176	1180	1181	1183	1196	1200	1201	1204	1205	1212	1224	1225	1233	1244	1246	1260	1268	1274	1280	1287	1290	1292	1294	1296	1304	1310	1317	1318	1332	1333	1334	1336	1343	1345	1347	1349	1754	1808	1838	1878	1931	1936	2012	2013	
1354	1366	1367	1368	1371	1377	1379	1381	1394	1397	1400	1415	1425	1427	1436	1457	1458	1465	1468	1473	1476	1486	1488	1491	1492	1494	1501	1505	1508	1509	1515	1516	1525	1532	1534	1544	1548	1549	1550	1551	1566	1587	1590	1609	1617	1619	1626	1627	1628	1636	1641	1642	1643	1651	1652	1654	1659	1661	1669	1670	1671	1677	1724	1725	1726	1727	
626	735	777	846	850	894	912	1031	1041	1071	1100	1155	1182	1210	1270	1295	
632	644	665	738	793	889	890	931	973	1085	1094	1139	1164	1190	1222	1256	1281	1289	1312	1729	1730	1731	1732	1733	1734	1736	1740	1741	1742	1743	1744	1745	1746	1749	1750	1751	1752	
634	647	668	678	718	736	774	809	832	837	863	871	878	880	939	957	1007	1038	1115	1146	1160	1241	1257	1272	1353	1359	1380	1429	1504	1519	1533	1538	1543	1560	1573	1576	1580	1588	1593	1597	1615	1623	1653	1678	
643	681	702	780	867	919	1003	1120	1259	1313	
624	677	688	721	724	741	759	791	819	823	829	854	933	943	945	966	967	979	994	1044	1049	1060	1065	1106	1218	1239	1243	1279	1300	1301	1342	1686	1688	1692	1699	1702	1703	1712	1714	1716	1753	1756	1758	1759	1760	1761	1762	1763	1766	1767	1770	1776	1778	1779	1781	1782	1783	1785	1786	1788	1789	1792	1793	1794	1795	1796	1800	1802	1803	1804	1805	1806	1810	1813	1814	1818	1819	1820	1822	1827	1828	1833	1836	1839	1846	1848	1849	1851	1857	1859	1860	1862	1864	1865	1870	1871	1873	1874	1875	1876	1877	1882	1887	1888	1895	1897	1900	1901	1902	1910	1915	1917	1918	1921	1924	1927	1930	1934	1935	1943	1945	1946	1948	1949	1951	1952	1954	1955	1956	1957	1960	1963	1966	1967	1974	1975	1977	1981	1982	1983	1986	1987	1991	1993	1994	1995	1996	1997	1999	2000	2004	2007	2008	2009	2011	2016	2019	2020	2021	2022	2024	2025	2026	2034	2035	
1355	1356	1357	1362	1370	1372	1373	1374	1378	1383	1387	1389	1390	1398	1403	1404	1406	1409	1413	1414	1416	1418	1420	1422	1426	1428	1430	1434	1442	1444	1447	1448	1451	1452	1453	1454	1459	1460	1462	1472	1475	1477	1478	1479	1481	1489	1496	1499	1503	1506	1507	1512	1513	1514	1517	1526	1527	1528	1529	1537	1542	1546	1547	1552	1553	1555	1556	1557	1558	1559	1563	1564	1569	1570	1571	1572	1581	1583	1584	1599	1600	1601	1604	1605	1606	1607	1608	1616	1620	1621	1624	1625	1629	1630	1631	1637	1638	1639	1640	1645	1646	1647	1658	1660	1667	1668	1834	1847	
787	818	862	1134	1331	
700	745	844	1014	1254	
720	734	746	767	776	828	879	903	968	974	1000	1009	1047	1092	1124	1143	1149	1152	1166	1209	1219	1220	1226	1282	1311	1680	1681	1682	1683	1684	1689	1693	1694	1696	1697	1698	1704	1708	1709	1710	1711	1715	1717	1718	1719	1720	1722	1757	1855	1884	1925	1944	2015	
1363	1365	1375	1382	1384	1386	1388	1401	1402	1405	1407	1410	1411	1412	1421	1423	1432	1438	1439	1441	1446	1450	1456	1464	1467	1469	1471	1474	1484	1487	1495	1497	1498	1500	1510	1511	1518	1522	1523	1524	1536	1539	1540	1541	1545	1554	1568	1574	1577	1578	1582	1586	1589	1591	1592	1594	1596	1598	1602	1610	1611	1612	1613	1622	1634	1644	1648	1650	1656	1657	1662	1664	1673	1679	
